id,Kropki,Kreski,Robaki,Artefakty
4572480,0,0.8,0.2,0
4573780,0.8,0,0,0
4572928,0,0,0.6,0.2
7645347,1,0,0,0
4574373,0,0.8,0.2,0
7617577,0.8,0,0.2,0
4574547,0,1,0,0
5046545,0,0.4,0,0
4574955,0,0,0.2,0
7647651,0.6,0,0.2,0
4574980,0,0.8,0.2,0
5936370,1,0,0,0
4575693,0,0.8,0.2,0
6163008,1,0,0,0
4576247,0,0.8,0.2,0
5238662,0,0.8,0.2,0
4580817,0,1,0,0
6753691,1,0,0,0
4581195,0,0.8,0,0
4849101,1,0,0,0
4581963,0,0.8,0.2,0
7709046,1,0,0,0
4586587,0,0.2,0.8,0
8026410,0.8,0,0,0
4590599,0,0.6,0.2,0
4711321,0,0.6,0,0
4595686,0,1,0,0
7350138,0.6,0.2,0,0
4599695,0,1,0,0
5872922,0.6,0.2,0,0
4601127,0,1,0,0
9434509,0.8,0,0,0
4603837,0,1,0,0
9487210,1,0,0,0
4603997,0,0.4,0.4,0
9144122,0.6,0,0,0.2
4608937,0,0.8,0,0
8492018,0.8,0,0,0
4611602,0.2,0.6,0,0
7879652,0.6,0,0,0.2
4612600,0,0.2,0.6,0
9146616,1,0,0,0
4612613,0,0.8,0,0
4843369,0,0.2,0.6,0
4614793,0,0,1,0
9556699,0,0,0.2,0.2
4619251,0,0.8,0.2,0
7619061,0,0.6,0,0.2
4620478,0,0.8,0.2,0
9222783,0,0,0,0.2
4630486,0,1,0,0
5918294,0,0.4,0.4,0
4636757,0,0.2,0.8,0
6687008,0.2,0.4,0,0
4640374,0,1,0,0
5461038,0.8,0,0,0
4643194,0,1,0,0
7515896,1,0,0,0
4645337,0,0,0,0.2
5224130,0.4,0.4,0,0
4648736,0,0.2,0.2,0
6941040,0.8,0,0,0
4649170,0,0.8,0,0
16294326,1,0,0,0
4650729,0,0.8,0,0
7646104,1,0,0,0
4651627,0,0.8,0,0
9532524,1,0,0,0
4653760,0,0.8,0.2,0
8472534,0.8,0,0,0
4654728,0,0.8,0,0
6914758,0.8,0,0,0
4654744,0,0.4,0.6,0
5200287,1,0,0,0
4590342,1,0,0,0
4655614,0,1,0,0
4602822,0.6,0.2,0,0
4658948,0,0,1,0
4659129,0,0.8,0.2,0
6161965,0.2,0,0.2,0
4659717,0,0.8,0.2,0
5174824,0.8,0,0,0
4660572,0,1,0,0
8460735,1,0,0,0
4670338,0,0.8,0,0
8461708,0,0,0.2,0.2
4695081,0,0,0.4,0
7873333,0.6,0.2,0,0.2
4703509,0,0.8,0.2,0
9514609,1,0,0,0
4704997,0,0,0.2,0
7471756,0,0.6,0.4,0
4705371,0,1,0,0
6161745,0.8,0,0,0
4601279,1,0,0,0
4705446,0,1,0,0
4705690,0,0.2,0,0
5237895,1,0,0,0
4710374,0,0,0.6,0.2
6483724,1,0,0,0
4711052,0,0.4,0,0.4
4974739,1,0,0,0
4711435,0,1,0,0
6162275,0.8,0.2,0,0
4711615,0,1,0,0
7290525,0,0,0.4,0
4714662,0,1,0,0
4885075,0,0,0.4,0
4714801,0,1,0,0
6951135,1,0,0,0
4715376,0,0,0.8,0
16294081,1,0,0,0
4715889,0,1,0,0
6813461,0,0,0.2,0
4716581,0,0,0,0.4
5759766,0.8,0.2,0,0
4717858,0,0.2,0.6,0.2
9545280,0,0.2,0.8,0
4718585,0,0,0.8,0.2
7548975,1,0,0,0
4719170,0,0,0.2,0.2
8491587,0.4,0,0.2,0
4719198,0,0.8,0,0.2
6162472,1,0,0,0
4719421,0.4,0,0,0
9124308,1,0,0,0
4719561,0,1,0,0
5027164,0,1,0,0
4724763,0,1,0,0
4948029,1,0,0,0
4727596,0,0,0.2,0.2
9314813,0.2,0.8,0,0
4730195,0,1,0,0
6230405,0.2,0.4,0.4,0
4731298,0,1,0,0
5510445,0.8,0,0,0.2
4735788,0,0.6,0.4,0
5186927,0.8,0,0,0.2
4736955,0,0.6,0,0
6788361,0,0.8,0.2,0
4743535,0.2,0,0.2,0.2
9438261,0,1,0,0
4746363,0,1,0,0
6860670,0,0.6,0.2,0.2
4747225,0,0.8,0.2,0
6216293,1,0,0,0
4747616,0,0.6,0.4,0
7056252,0,0,0.4,0
4750707,0,0.2,0.2,0.2
8462103,0,0.6,0.2,0
4751536,0,1,0,0
8280225,1,0,0,0
4752591,0,1,0,0
6161717,0.6,0,0,0.2
4756084,0,0.8,0,0
9375119,1,0,0,0
4756452,0.4,0,0.2,0
6046270,1,0,0,0
4756987,0,0.8,0,0
6900008,1,0,0,0
4757824,0,0,0.8,0.2
7929744,1,0,0,0
4762857,0,1,0,0
4898520,0,0.2,0.6,0
4777234,0,0.6,0.2,0
7027528,1,0,0,0
4782497,0,1,0,0
4829148,1,0,0,0
4783115,0,1,0,0
6842460,0,0,0.6,0
4793094,0,0.4,0.2,0.2
5923208,0.6,0.2,0,0
4803608,0,0.8,0,0
9285297,1,0,0,0
4805124,0,0.8,0.2,0
8499254,1,0,0,0
4710624,0,0.6,0.2,0
4807049,0,1,0,0
4808374,0,0.6,0,0
6471219,1,0,0,0
4811779,0,1,0,0
8072358,0.4,0.2,0.2,0.2
4811930,0,1,0,0
6908989,0.4,0,0.6,0
4812413,0.4,0,0,0
7621416,1,0,0,0
4814184,0,0.8,0,0
6305942,1,0,0,0
4815997,0,1,0,0
5894847,0,0.4,0.6,0
4819239,0,1,0,0
7261327,0.8,0,0,0
4841778,0,1,0,0
8460547,0,0.2,0.2,0
4841781,0.4,0,0,0
8535856,0,0,0.4,0
4841857,0,0.4,0.2,0
7396705,0.8,0,0,0.2
4842140,0,0,0.6,0.2
7322931,1,0,0,0
4847295,0,1,0,0
5355566,0.2,0,0,0.2
4847576,0,0.2,0.6,0.2
5011278,1,0,0,0
4813841,1,0,0,0
4847592,0,0.8,0.2,0
4847607,0,1,0,0
9247922,0.6,0,0,0.2
4847609,0,0.8,0.2,0
4909735,0.8,0,0,0
4847648,0,0,1,0
9508827,0.8,0,0,0.2
4848444,0,0.4,0.6,0
5965781,1,0,0,0
4848460,0,1,0,0
9426226,0.2,0,0.2,0
4848469,0,1,0,0
4900589,1,0,0,0
4848476,0,1,0,0
4887097,0.8,0,0,0.2
4848483,0,1,0,0
8461058,0.8,0,0,0.2
4848490,0,0.8,0,0.2
7546733,0.8,0,0,0.2
4848789,0,0,1,0
7961777,0.8,0,0,0.2
4643742,0.8,0,0,0.2
4849820,0,0,0.8,0
4863896,0,0.6,0.4,0
5889604,0,0.6,0.4,0
4865194,0.2,0,0.4,0
9129256,0,1,0,0
4876475,0,1,0,0
6583405,0.8,0,0,0.2
4876535,0,1,0,0
6025613,0.8,0,0,0.2
4880566,0,1,0,0
6229582,0,0.8,0,0.2
4892405,0,1,0,0
6161847,0.8,0,0,0.2
4893038,0,0,0.8,0
4902389,0.6,0.2,0,0.2
4894842,0,0,0.8,0
16295230,0,1,0,0
4896045,0,0.4,0.6,0
7137000,1,0,0,0
4898318,0,0.6,0.2,0
6879334,0,0.4,0.6,0
4899178,0,0,0.8,0
5200999,0,0,0.2,0
4899235,0,0,0.8,0
6998185,0,0.8,0.2,0
4807911,1,0,0,0
4899253,0,0.6,0.2,0
4900769,0,0.2,0,0
7577097,0.8,0,0,0.2
4902651,0,0,1,0
6900022,0,0.6,0.4,0
4907893,0,0.8,0,0
6918241,0.2,0,0,0
4909807,0.4,0,0.2,0
4963027,1,0,0,0
4911378,0,1,0,0
5044521,0.4,0.4,0.2,0
4913621,0,0,1,0
7744565,1,0,0,0
4914361,0.4,0,0,0
8461616,1,0,0,0
4914938,0,1,0,0
7138339,0,0,0,0
4919901,0,0.2,0.6,0
4923669,0.8,0,0,0.2
4920311,0,0,0.8,0
4975751,0.8,0,0,0.2
4922063,0,0.4,0.6,0
7140153,0,0,0.4,0
4922097,0,0,0.2,0
5967593,0,0.8,0.2,0
4922346,0,0.8,0.2,0
7662336,0.8,0,0,0.2
4923628,0,0.8,0.2,0
9512975,0.8,0,0,0
4923639,0,1,0,0
6774416,0,0,0.8,0
4926819,0,0,0.4,0
4949271,1,0,0,0
4929379,0,0.8,0,0
6310652,0,0.6,0.4,0
4930462,0.2,0,0,0
8509556,0.6,0.2,0,0
4932392,0,0.6,0,0
6773517,1,0,0,0
4935915,0,1,0,0
7779266,0,0,0.2,0
4936589,0,1,0,0
8109569,0.8,0,0,0.2
4941090,0,1,0,0
9493762,1,0,0,0
4941747,0,0.4,0.6,0
9594677,0.8,0,0,0.2
4949081,0,0,1,0
5717352,0.8,0,0,0.2
4962365,0,0.8,0.2,0
7490756,0.8,0,0,0.2
4964175,0,1,0,0
16294507,1,0,0,0
4969155,0,0.8,0,0
7675299,0.8,0,0,0.2
4969538,0,1,0,0
7603339,1,0,0,0
4971805,0,1,0,0
5599405,0.4,0.2,0.2,0
4945902,0,0.2,0.2,0
4973356,0,1,0,0
4973980,0,1,0,0
6906534,0.8,0,0,0.2
4975771,0,0.8,0.2,0
5937455,1,0,0,0
4976474,0,1,0,0
9307071,0,0,0.2,0
4977847,0,1,0,0
5390875,1,0,0,0
4981401,0,0.4,0.4,0
6317043,1,0,0,0
4981588,0,0,0.6,0
5671127,0,0.4,0.2,0
4983039,0,0.8,0,0
9505898,0,0.2,0.6,0
4985463,0.4,0,0,0
9336929,1,0,0,0
4985573,0.2,0,0.4,0
8474063,1,0,0,0
4986830,0,0,0.8,0
5279277,1,0,0,0
4814174,1,0,0,0
4987786,0,0,0.8,0
4988327,0,1,0,0
7213761,0,0.6,0,0
4586212,1,0,0,0
4988923,0,0.6,0,0
4601128,1,0,0,0
5002926,0,0.4,0.4,0
5009639,0,1,0,0
6997502,0,0.8,0.2,0
5010683,0,0,0.8,0
5886830,0.4,0,0,0
4983124,0,0,1,0
5012636,0.2,0,0,0
5015282,0,1,0,0
7470832,0,0.8,0.2,0
5018290,0,0.4,0.6,0
7402961,0.4,0.4,0,0
5019964,0,0,1,0
9285313,0,0.4,0.6,0
5020549,0,0.8,0.2,0
6909638,0,0.2,0.4,0
5020578,0,0,0.8,0
6641425,1,0,0,0
4715654,1,0,0,0
5020768,0,0.2,0.6,0
5021049,0,0,0.6,0
7744612,0,1,0,0
5022457,0,0.6,0.2,0
9321710,0.8,0.2,0,0
5022549,0,0.6,0,0.4
6782944,0,0,0.2,0
5024706,0,1,0,0
8460196,0.4,0.4,0.2,0
5025226,0,0.8,0,0
5969309,1,0,0,0
4887614,0.8,0,0,0.2
5025581,0,0,0,0.2
5025696,0,0,1,0
5355854,1,0,0,0
4654587,0,0.2,0.4,0
5028559,0,0,0.4,0
5030457,0.2,0,0.8,0
6908292,0,0,0.8,0
5031596,0,1,0,0
9285214,1,0,0,0
5034270,0,1,0,0
6781147,0.8,0.2,0,0
5036454,0,0,0.2,0.2
5472570,0.4,0.2,0,0
5038629,0,1,0,0
7061446,0,0.8,0.2,0
5040155,0,1,0,0
5225298,1,0,0,0
5003374,1,0,0,0
5040660,0,0,0.8,0
5041156,0,1,0,0
5385528,0.4,0.2,0,0
4855341,1,0,0,0
5041431,0,1,0,0
5042455,0,0,0.2,0.2
16294863,1,0,0,0
5042521,0,1,0,0
5287113,0.8,0,0,0.2
5043553,0,0,0.8,0
7560606,1,0,0,0
5044345,0,1,0,0
7471759,0.8,0.2,0,0
5047317,0.2,0,0,0
9162067,0.8,0,0,0
5048494,0,1,0,0
7056176,0,0.4,0.2,0
5048635,0,0.6,0.2,0
9285860,1,0,0,0
5055358,0,0.8,0,0
6162384,0.8,0,0,0
5067148,0,0.4,0.6,0
5864490,0.8,0.2,0,0
5070120,0,0.6,0,0
9343456,1,0,0,0
5070548,0,0.6,0.4,0
5473535,0.2,0.6,0.2,0
5077350,0,1,0,0
5900696,1,0,0,0
4696705,0.2,0.2,0,0
5081429,0.4,0,0,0
5087563,0,1,0,0
6700200,0,0.2,0.8,0
5091674,0,0.4,0.4,0
7641766,1,0,0,0
5091973,0,0.8,0,0
8200598,1,0,0,0
5097460,0,0,0.2,0
16294537,0,0,0.2,0.2
5099134,0,0,0.8,0
8459656,1,0,0,0
5100360,0,0.4,0.4,0
8494611,1,0,0,0
5100449,0,0.2,0.8,0
5332477,0,1,0,0
5103006,0,0,0.8,0
6872501,0.6,0.2,0,0
5103534,0,1,0,0
7493547,1,0,0,0
5103701,0,0.6,0.2,0
7606477,0,0,0,0
5105430,0,0.6,0.4,0
5462535,0,0.8,0,0
4903538,0,0,0,0
5105441,0,0.8,0,0
5105693,0,1,0,0
7602196,0,0.2,0.4,0.2
5107322,0,0,0.8,0.2
7643899,0,1,0,0
5114327,0.2,0,0,0
9128576,0.6,0.2,0.2,0
5115139,0,0.4,0.6,0
5879294,0.8,0,0,0.2
5115270,0,0,0.8,0
6918472,1,0,0,0
5115448,0,1,0,0
5473519,0,0.8,0.2,0
5129482,0,1,0,0
7595045,0.8,0.2,0,0
5132580,0,0.8,0.2,0
5389471,0.4,0.2,0.2,0
5132762,0,1,0,0
7511618,1,0,0,0
5132773,0,1,0,0
6528992,0.4,0.4,0,0
5134849,0,0,0.8,0
5215440,0,0,0,0
4601698,1,0,0,0
5149573,0,1,0,0
5151064,0,0.6,0.4,0
6999637,0.8,0,0,0
5151805,0,0.6,0.4,0
5944835,1,0,0,0
5154754,0,0,1,0
7602697,1,0,0,0
5162513,0,0.8,0.2,0
8272881,1,0,0,0
5167626,0,1,0,0
9555027,0,0,0,0
5169185,0,0.4,0,0
7470046,1,0,0,0
5173354,0,0.4,0.2,0
9143685,1,0,0,0
5174823,0,0.8,0.2,0
9123629,0.2,0.2,0.6,0
5181194,0,0.8,0.2,0
5385998,0,0,0.4,0
5187564,0,0.8,0.2,0
5255682,1,0,0,0
4703192,1,0,0,0
5189928,0,0,0.8,0
5192876,0,0.8,0.2,0
8459821,0,0,0.8,0
5195451,0,0.8,0.2,0
9285878,1,0,0,0
5199900,0,0,0.8,0
5660852,1,0,0,0
5205308,0,1,0,0
9306516,0,0.4,0,0.2
5206300,0,0.6,0.4,0
7136166,1,0,0,0
4915616,1,0,0,0
5206323,0,0,0.8,0
5206327,0,0.8,0.2,0
9270433,1,0,0,0
5206345,0,0,0.8,0
9124278,0.4,0,0,0
4985445,0.8,0,0,0.2
5206361,0,1,0,0
5206452,0,1,0,0
6852400,1,0,0,0
5206661,0,1,0,0
16295760,1,0,0,0
5206677,0,1,0,0
6978499,1,0,0,0
5206679,0,0.6,0.4,0
6161552,0,0.8,0.2,0
5206698,0,0,0.6,0
7541260,0.8,0.2,0,0
5206711,0,0,0.6,0
9237133,0.2,0,0.4,0
5206737,0,1,0,0
5945485,0.6,0.4,0,0
5208824,0,0.4,0,0
5909930,1,0,0,0
4945348,0.2,0.6,0.2,0
5209772,0,0.8,0.2,0
5210093,0,0.4,0.4,0
5239194,1,0,0,0
5211614,0,1,0,0
7469819,0,0.2,0.8,0
5034415,0.8,0.2,0,0
5212933,0,0.8,0.2,0
5213244,0,1,0,0
9444582,1,0,0,0
5219126,0,0.8,0.2,0
7586772,1,0,0,0
4853235,1,0,0,0
5219722,0,1,0,0
5222903,0,0.8,0.2,0
5950525,0,0.8,0,0
5224390,0,0,1,0
7042671,1,0,0,0
5225174,0.2,0,0,0
9285264,1,0,0,0
5225869,0,1,0,0
6161916,0,0,0,0
5228538,0,1,0,0
9546060,1,0,0,0
4621019,1,0,0,0
5228687,0,0.6,0.4,0
5232611,0,0.8,0.2,0
6981896,0.6,0.4,0,0
4654183,0.8,0,0,0
5232884,0,1,0,0
5215049,1,0,0,0
5234703,0,1,0,0
5239554,0,0,0.6,0
7322369,0.8,0.2,0,0
5239576,0,0.6,0.4,0
6222988,0.4,0.4,0.2,0
5240112,0,0.6,0.4,0
9330860,0,0.4,0.6,0
5247485,0,0,0.8,0
5389448,1,0,0,0
5258582,0,0,0,0
8528442,0,0.6,0.2,0
5260031,0,0.6,0.2,0
7470622,0,0.4,0.2,0
4904518,0.2,0.4,0.4,0
5262983,0,0,0.8,0
5272552,0.2,0,0,0.2
6723019,1,0,0,0
5277172,0,0,0.8,0.2
7576860,0.2,0,0,0
5280113,0.2,0,0,0
7471042,1,0,0,0
5280955,0.2,0,0,0
7147399,1,0,0,0
4750416,0,0.6,0,0
5289073,0.4,0,0,0
5140164,1,0,0,0
5292954,0,0,0.6,0.2
5302946,0,0,0.8,0
6890908,0.2,0.8,0,0
4653595,1,0,0,0
5304078,0,0,0.8,0
5225667,0,1,0,0
5307397,0,0,0,0.2
5309424,0,0,0.8,0
8317138,1,0,0,0
5325114,0,0,0.8,0
8114714,0,0.6,0,0
5326430,0,0,0.6,0.2
8468147,0,0.2,0,0
5348802,0.2,0,0,0.2
8472684,0.4,0,0,0
5359397,0,0,0.8,0
6641755,1,0,0,0
5383752,0,0,0.8,0
7067860,0,0.2,0.4,0
5087160,0.4,0.4,0,0
5392310,0,0,1,0
5392570,0.2,0,0,0.2
8473610,0.2,0.4,0,0
5026938,1,0,0,0
5398222,0,0,0.4,0.2
5448543,0,0.8,0.2,0
7470294,0.6,0.4,0,0
5451251,0,0,0.2,0.2
9285498,0.2,0.6,0.2,0
5166575,1,0,0,0
5455660,0,0,1,0
4827885,0,0.8,0.2,0
5468291,0,0,1,0
5469594,0,0,0.4,0
7470786,1,0,0,0
5472882,1,0,0,0
5486815,0,0.8,0.2,0
5605684,1,0,0,0
5634325,0,0.6,0.4,0
5646200,0,0,0.2,0
8525175,1,0,0,0
5649005,0,0.2,0.6,0
6400496,1,0,0,0
5713771,0,0,0.8,0
5982391,1,0,0,0
5732924,0,0,0.6,0
9504513,0.6,0,0,0
5741532,0,0,0.6,0
5839923,1,0,0,0
5827598,0,0,0.6,0
9285614,1,0,0,0
5832018,0,0,0,0.2
9255543,0.2,0,0.2,0
5862915,0.2,0,0.2,0.2
7560734,0.8,0.2,0,0
5870891,0,0,0.6,0.2
8171680,1,0,0,0
5874339,0,0,0.8,0.2
5951007,0,1,0,0
4847642,0.8,0.2,0,0
5889331,0,0,0,0.2
5890181,0,0,0.6,0
5952260,1,0,0,0
5207193,0.6,0.4,0,0
5901264,0.2,0,0,0
5902548,0,0.8,0.2,0
7797557,1,0,0,0
4593861,1,0,0,0
5917209,0,0,0.8,0
5923406,0,0,0.4,0
7486726,1,0,0,0
5927832,0,0,1,0
9285674,1,0,0,0
5937364,0.4,0,0,0
9285116,1,0,0,0
5025489,0.6,0.4,0,0
5952271,0,0.2,0.4,0
5958693,0,0,0.8,0
6973406,1,0,0,0
5967989,0.4,0,0,0
6162008,1,0,0,0
5685307,0.6,0.4,0,0
5973441,0,1,0,0
5989847,0,0.2,0.4,0
7318982,1,0,0,0
5990157,0.4,0,0,0
6162775,1,0,0,0
6002139,0.4,0,0,0
7062587,0.8,0.2,0,0
6026050,0,0.2,0.8,0
6430268,0.8,0,0,0
6031453,0,0,0.8,0
6161825,1,0,0,0
6031907,0.2,0,0,0
7662269,1,0,0,0
6044611,0,0.4,0.2,0
9123430,0.2,0,0.2,0
6045701,0.4,0,0,0
8459988,0,0.4,0.6,0
5047697,1,0,0,0
6161442,0,0,0.6,0
6161579,0,0,0.8,0
6993601,1,0,0,0
6162043,0.4,0,0,0
9601708,1,0,0,0
6162085,0.4,0,0,0
9285447,1,0,0,0
4770654,0.2,0.2,0.6,0
6162187,0,0.2,0.8,0
5811693,0.8,0.2,0,0
6162400,0,0.2,0.4,0
6162711,0,0.2,0.8,0
9123759,0.2,0,0.2,0
6162722,0,0,1,0
7502039,1,0,0,0
6162838,0,0,1,0
6894877,1,0,0,0
6216882,0,0,0.8,0
9299455,1,0,0,0
4726644,0,0.4,0,0
6225022,0,0.2,0.8,0
6229936,0.2,0,0.2,0
7210811,0.6,0.2,0,0
6230380,0.4,0,0,0
8093157,0.8,0,0,0.2
5302801,0,0.6,0.4,0
6233698,0,0.8,0.2,0
6233799,0,0,0.2,0
7744409,0,0.6,0.2,0
6234182,0,0,0,0
7105413,1,0,0,0
4619184,0.2,0,0,0
6262949,0,0.2,0.2,0
6317443,0,0.4,0.2,0
7582702,0.2,0.6,0,0
6359947,0,0,0.8,0
6782066,0,0.2,0.6,0
4600848,0,0.6,0.2,0
6363684,0,0,0.6,0.2
6379428,0,0,0.8,0
6564841,0.2,0,0,0
6379429,0,0.2,0.4,0
7472512,1,0,0,0
5901374,1,0,0,0
6381951,0,0.2,0.6,0
6474452,0,0,0.8,0
8461671,1,0,0,0
6500344,0,0,0.8,0
7968099,0.8,0.2,0,0
6500828,0,0.2,0.2,0
9270732,0,0.4,0.4,0
6514746,0,0.2,0.8,0
7471992,0,0.2,0.6,0
6349613,0,0.6,0.4,0
6532557,0.6,0,0,0
6455779,1,0,0,0
6537353,0,0,0.4,0
6557631,0.4,0,0,0
7657561,1,0,0,0
6557915,0,0,0.6,0
8287067,1,0,0,0
6582418,0.2,0,0.4,0
6788177,1,0,0,0
4716526,1,0,0,0
6582662,0,0,0.6,0
6662537,0,0,0.4,0
7077570,1,0,0,0
6664326,0,0,0.6,0
8475536,0.8,0.2,0,0
5886670,0.6,0,0.2,0
6664473,0.4,0,0,0
6664858,0.4,0,0,0
9285253,0,0.4,0.4,0
6162444,1,0,0,0
6665015,0,0,1,0
6697896,0.2,0.2,0,0
7626438,0.4,0.6,0,0
6699230,0,0.2,0.8,0
16294985,1,0,0,0
5243578,1,0,0,0
6704253,0.2,0,0.4,0
6730383,0,0.8,0.2,0
7334381,0.8,0.2,0,0
4832665,1,0,0,0
6730541,0,0.2,0.8,0
5997479,0,0.6,0.4,0
6735565,0,0,0.2,0
5265301,0.8,0,0,0
6738411,0,0.6,0.2,0
6741892,0,0.8,0.2,0
7744578,1,0,0,0
6769636,0.2,0,0.4,0
7834166,0,0.6,0.4,0
4659558,1,0,0,0
6770969,0.2,0.2,0,0
6774095,0,0.6,0.4,0
7471898,0.8,0.2,0,0
6774607,0,0,0.8,0
9129186,1,0,0,0
6774796,0,0.4,0.6,0
9146624,1,0,0,0
6784190,0,0.4,0.2,0
6886089,0.8,0.2,0,0
6789455,0,0,1,0
7106670,1,0,0,0
5463617,0.8,0.2,0,0
6790800,0.4,0,0,0
6793300,0,0,0.8,0
6980705,1,0,0,0
6795326,0,0.2,0.6,0
6982191,1,0,0,0
6795360,0,0,0.6,0
9425281,0,0.8,0.2,0
4981845,0.2,0.8,0,0
6813098,0,0.2,0.8,0
5823886,0,0.8,0.2,0
6817685,0,0.2,0.6,0
5073796,0,0.2,0.8,0
6825657,0,0.6,0.2,0
5910056,0.2,0.6,0,0
6826884,0.4,0,0,0
5713769,0,0.8,0.2,0
6848805,0,0,0.2,0
5287116,0.6,0.4,0,0
6862821,0,0,1,0
5399216,1,0,0,0
6867850,0.2,0,0.6,0
6873164,0,0,0.8,0
9285580,0.2,0,0,0.2
5608806,0.2,0,0,0
6876535,0,0.2,0.6,0
4735799,0.6,0.4,0,0
6877538,0.4,0,0,0
5400426,1,0,0,0
6880563,0,0.6,0.2,0
6884704,0,0,0.6,0
8322956,0,0.6,0,0
6886401,0,0,0.2,0.2
7471531,0,0.6,0.2,0
6891802,0.4,0,0.2,0
9247248,0.8,0.2,0,0
6894412,0,0,0.8,0
7150537,1,0,0,0
5300954,1,0,0,0
6894505,0,0.4,0.2,0
6918479,0,0.4,0.2,0
7288914,1,0,0,0
4847636,1,0,0,0
6924050,0.4,0,0,0
6932719,0,0,1,0
9124198,0,0.4,0.4,0
6933494,0.4,0,0,0
9438001,1,0,0,0
4944351,1,0,0,0
6941014,0,0,1,0
6945801,0,0,0.6,0
7102357,0.4,0.6,0,0
6946308,0,0.2,0.6,0
8298991,1,0,0,0
6398587,0,1,0,0
6947297,0,0.8,0,0
4920867,1,0,0,0
6950738,0.4,0,0,0
5206718,0.6,0.4,0,0
6957753,0,0.4,0.6,0
5957635,1,0,0,0
6974190,0.2,0,0.4,0
5610628,1,0,0,0
6974204,0.4,0,0,0
5257154,0.2,0.8,0,0
6976727,0.4,0,0,0
6769453,0,0.4,0,0
6996957,0,0.2,0.8,0
6998911,0,0,0.6,0
9144631,0,0.6,0.2,0
4991356,1,0,0,0
7051751,0,0,1,0
5210623,0,0.8,0,0
7056822,0.2,0,0.4,0
7059498,0,0.2,0.8,0
8512635,1,0,0,0
6161785,0.2,0.4,0.2,0
7076652,0,0.6,0.4,0
5857951,1,0,0,0
7079337,0.2,0,0,0
6515394,0.8,0.2,0,0
7080299,0.2,0,0,0
5899199,0.8,0,0,0
7085690,0,0,0,0.2
7092535,0,0,1,0
9329166,0,0.8,0,0
4744454,0.4,0.4,0,0
7097636,0,0,1,0
7107084,0,0,0.6,0
9574759,1,0,0,0
7107193,0.2,0.2,0,0
7469863,0,0.8,0.2,0
5206671,0,0.2,0.8,0
7126384,0,0.2,0.8,0
4662452,0.4,0.6,0,0
7134850,0.2,0,0,0
6920094,1,0,0,0
7135827,0.2,0,0,0
5320065,0.6,0.2,0,0
7136440,0.2,0,0.2,0
5957971,1,0,0,0
7137009,0.4,0,0,0
7148947,0,0.2,0.8,0
7472085,1,0,0,0
4892396,0.6,0,0,0
7151716,0.2,0.2,0,0
5201076,1,0,0,0
7152489,0.4,0,0,0
7184552,0,0.4,0.4,0
8460378,1,0,0,0
5352417,0,1,0,0
7209407,0,0.2,0.6,0
4655743,1,0,0,0
7236083,0.2,0,0.2,0
5029971,0.8,0.2,0,0
7238971,0,0.8,0.2,0
5993967,0,0.4,0.4,0
7242690,0,0.8,0.2,0
5864636,0.2,0.4,0.4,0
7246362,0,0,0.6,0
7258371,0,0.2,0.8,0
9124260,0,0.4,0.2,0
7275573,0,0.4,0.6,0
9608870,0.2,0.2,0,0
6698298,1,0,0,0
7310796,0.4,0,0,0
7316799,0,0.8,0.2,0
9489854,0,0,0,0
4848492,1,0,0,0
7347958,0,0,1,0
5245461,0.2,0.4,0.2,0
7354787,0.4,0,0,0
4746744,0.2,0.2,0.4,0
7357637,0,0.6,0.4,0
6162448,1,0,0,0
7373740,0,0.2,0.8,0
5997694,0.4,0,0,0
7425840,0,0.2,0.8,0
7468618,0,0,0.2,0
7470292,0,0.8,0,0
5211697,0,0.8,0.2,0
7470026,0.4,0,0,0
5273700,1,0,0,0
7470116,0,0.2,0.4,0
7470144,0,0.2,0.2,0
9285681,0.8,0.2,0,0
7470300,0,0.8,0.2,0
9123569,0,0.8,0.2,0
5295801,0,0.4,0.2,0
7470372,0,0.2,0.6,0
7470517,0,0,0.2,0
7471875,0,0,0.4,0
7470695,0,0,0.8,0
8533583,0.2,0,0,0
7470912,0,0,0,0
8468247,1,0,0,0
7097637,0,0.8,0.2,0
7470921,0,0.2,0.6,0
6035232,0,0.4,0.4,0
7471073,0,0,0,0
7471271,0,0.4,0.4,0
9256292,1,0,0,0
5035910,0,0.8,0.2,0
7471292,0,0,0.4,0
5896786,0,0.2,0,0
7471331,0.4,0,0,0
5472591,0.2,0.2,0.2,0
7471368,0.4,0,0,0
7471552,0,0,0.6,0
8207919,1,0,0,0
7471650,0,0.8,0.2,0
9373428,1,0,0,0
6437583,0.2,0.8,0,0
7471783,0,0.8,0.2,0
6030711,1,0,0,0
7471837,0,0,0.8,0
5107273,1,0,0,0
7473353,0,0.8,0.2,0
7494762,0,0.4,0.4,0
7560859,1,0,0,0
6861366,1,0,0,0
7495229,0,0.2,0.8,0
7496652,0,0,0.8,0
9314789,1,0,0,0
6730394,1,0,0,0
7497699,0,0,0.8,0
7497775,0.2,0.4,0,0
7560165,1,0,0,0
5620818,0,0.2,0,0
7499449,0,0,0.4,0
4920018,1,0,0,0
7499492,0,0,0,0
4944606,1,0,0,0
7499670,0.2,0,0,0
7501168,0,0,0.8,0
9496896,0,0,0,0
5385318,0,1,0,0
7503779,0.2,0,0,0
5950186,0.4,0.2,0,0
7522611,0,0,0.6,0
7469991,0.2,0.4,0.2,0
7532171,0.2,0,0,0
6665739,1,0,0,0
7545973,0,0.4,0.4,0
7555006,0,0.6,0.2,0
9500636,0,0.8,0.2,0
7560022,0.4,0,0,0
7641366,0,0.2,0.6,0
6581952,1,0,0,0
7573913,0,0,0.8,0
6851423,1,0,0,0
7574764,0.2,0,0,0
6981236,1,0,0,0
7595590,0,0.8,0.2,0
5194881,0,0.4,0.6,0
7597348,0,0.4,0,0
7576600,1,0,0,0
7603004,0,0.8,0.2,0
7209591,0.8,0.2,0,0
7603097,0,0,0.8,0
5302797,1,0,0,0
7608810,0,0,0.8,0
7612303,0,0,0.8,0
9133862,0,0.2,0,0
4653889,1,0,0,0
7615920,0,0,0.6,0
6886787,1,0,0,0
7622578,0.2,0,0,0
6609923,0,1,0,0
7622764,0,0,0,0
6161956,1,0,0,0
7626075,0,0,0.8,0
5280724,1,0,0,0
7643443,0,0,0.8,0
7644668,0,0,0.2,0
9510175,0,0,0.2,0
6416924,1,0,0,0
7648032,0,0,0.2,0
7669171,0,0,0.2,0
9549831,1,0,0,0
5236979,1,0,0,0
7686204,0,0,0.2,0
7472985,1,0,0,0
7698006,0.2,0,0.6,0
6411194,1,0,0,0
7737993,0,0,0,0
7658066,1,0,0,0
7741225,0,0.8,0.2,0
6863236,1,0,0,0
7744488,0.2,0,0,0
7490925,1,0,0,0
7744576,0.2,0,0,0
5388768,1,0,0,0
7744618,0,0,0.6,0
5764980,0,0.4,0.6,0
7767273,0.4,0,0,0
5759175,0,0.4,0.4,0
7797882,0.2,0.4,0,0
7854983,0,0,0.2,0
8471578,1,0,0,0
4634635,1,0,0,0
7869954,0.4,0.2,0.2,0
6430408,1,0,0,0
7897302,0.2,0,0.4,0
7057571,1,0,0,0
7966496,0,0,0,0
8023336,0.2,0,0,0
16294165,0,1,0,0
7496561,1,0,0,0
8033249,0,0,0.8,0
7556714,1,0,0,0
8060193,0,0,0.8,0
8142070,0,0,0.8,0
8461320,0,0.8,0.2,0
6310864,1,0,0,0
8148990,0,0,1,0
7582422,0,0.6,0.2,0
8255855,0.2,0,0.2,0
6579089,1,0,0,0
8267167,0.2,0,0,0
5931057,0.4,0,0.4,0
8306261,0,0.4,0.6,0
6806528,0,0.4,0.6,0
8317259,0.4,0,0,0
5027961,0,0.2,0.8,0
8318867,0.2,0,0.2,0
5907515,0.8,0.2,0,0
8365728,0.2,0,0.6,0
6909843,0.2,0,0.6,0
8369483,0.2,0,0.2,0
7628648,1,0,0,0
8459519,0,0,0.6,0
7951242,0,0,0.8,0
8459589,0,0,0.6,0
7071648,1,0,0,0
8459708,0.4,0,0.2,0
4630337,1,0,0,0
8459837,0,0,0.6,0
8459846,0,0,0.2,0
8461600,0,0.6,0.2,0
6161654,1,0,0,0
8459932,0,0.4,0.2,0
5544429,1,0,0,0
8460143,0.8,0,0,0
5968762,0,0.8,0,0
8460218,0,0,0.6,0
7605907,0.2,0,0,0
8460381,0.4,0,0.2,0
7628766,1,0,0,0
8460605,0.4,0,0,0
8460376,1,0,0,0
8460855,0.4,0,0,0
5149527,1,0,0,0
8461268,0,0.2,0.2,0
5197380,0.4,0,0,0
8461658,0,0,0.8,0
4714998,1,0,0,0
8461996,0,0,0.6,0
7396313,0,0,0.6,0
8462123,0.4,0,0,0
7200454,1,0,0,0
8464174,0,0,0.8,0
5257198,0.2,0.8,0,0
8466669,0.4,0,0,0
8459817,0,0.2,0.8,0
8467816,0,0,0.2,0
7138610,0,0.2,0.4,0
8478762,0,0.6,0.2,0
6792842,0,0.2,0.6,0
8482991,0,0,0.8,0
7834866,0.8,0,0,0
8484449,0,0,0.6,0
8489608,0,0,0.6,0
9490014,0.8,0,0,0
6984358,0,0.8,0.2,0
8514558,0,0,0.6,0
8530160,0,0,0.6,0
9375959,1,0,0,0
5136041,1,0,0,0
8534151,0.4,0,0,0
6966064,0,1,0,0
8538024,0.2,0.6,0.2,0
9123817,0.2,0.2,0.2,0
9124003,0.2,0,0,0
9124137,0.4,0,0,0
9513303,0,0.8,0.2,0
8181201,1,0,0,0
9124145,0.2,0,0.6,0
7795162,0,0,0.4,0
9124159,0.2,0.6,0.2,0
4752861,0.2,0.2,0.6,0
9124164,0.4,0,0,0
5376213,0,0,0.8,0
9124194,0,0,0.8,0
6161705,0,0,0,0
9124217,0.4,0,0,0
4836361,0.2,0.6,0,0
9124224,0.6,0,0,0
7470095,0,0,0.6,0
9124230,0.4,0,0,0
5382004,0.6,0,0,0
9127404,0,0.2,0.8,0
7545405,1,0,0,0
9129139,0,0,0.8,0
6317300,1,0,0,0
9129173,0,0,1,0
5905491,1,0,0,0
9135286,0.4,0,0,0
9140411,0,0,0.8,0
9428976,1,0,0,0
6161953,1,0,0,0
9141568,0.2,0.4,0.2,0
6051308,1,0,0,0
9144234,0,0.4,0.2,0
7514900,0.6,0.2,0.2,0
9144272,0.4,0,0,0
6918547,1,0,0,0
9152349,0,0,0,0
5472916,1,0,0,0
9165330,0,0,0.4,0
6988458,0,0.6,0.2,0
9167476,0,0.2,0.4,0
9180800,0.2,0.6,0.2,0
9285690,1,0,0,0
7360054,0,0.2,0,0
9185890,0,0,1,0
5916160,0,0.4,0.2,0
9201366,0.4,0,0,0
7059791,0.8,0,0,0
9212379,0,0.2,0.2,0
5206746,0,0.8,0.2,0
9212931,0,0,0.6,0
5005116,0.6,0.4,0,0
9213054,0.4,0.2,0,0
9124037,1,0,0,0
9216526,0,0,0.8,0
5900541,1,0,0,0
9217027,0,0,0.8,0
4900688,1,0,0,0
9235722,0,0,0.8,0
7471061,0.8,0.2,0,0
9236567,0.2,0,0.6,0
8495418,0.6,0.2,0,0
9256612,0.4,0,0,0
5332569,1,0,0,0
9280390,0,0,0.6,0
6161430,0,0,0.6,0
9284922,0,0,1,0
8475406,0.8,0,0,0.2
9285003,0,0.4,0.6,0
5103820,0,0,0.6,0
9285342,0,0.2,0.2,0
5199143,1,0,0,0
9286439,0.4,0,0,0
10219928,0,0,0,1
10219929,0,0,0,1
10219931,0,0,0,1
10223942,0,0,0,1
10228003,0,0,0,1
10231268,0,0,0,1
10231560,0,0,0,1
10231667,0,0,0,1
10232861,0,0,0,1
10233802,0,0,0,1
10235049,0,0,0,1
10235948,0,0,0,1
10236884,0,0,0,1
10245995,0,0,0,1
10259085,0,0,0,1
10259097,0,0,0,1
1423633,0,0,0,1
1423831,0,0,0,1
1423932,0,0,0,1
1424898,0,0,0,1
1425966,0,0,0,1
1426183,0,0,0,1
1428338,0,0,0,1
1428689,0,0,0,1
1428995,0,0,0,1
1429042,0,0,0,1
1429130,0,0,0,1
1429361,0,0,0,1
1429363,0,0,0,1
1430355,0,0,0,1
1430365,0,0,0,1
1438462,0,0,0,1
1438662,0,0,0,1
1438698,0,0,0,1
1438699,0,0,0,1
1441422,0,0,0,1
1441431,0,0,0,1
1441840,0,0,0,1
1441841,0,0,0,1
1441842,0,0,0,1
1441843,0,0,0,1
1441844,0,0,0,1
1441845,0,0,0,1
1441846,0,0,0,1
1441847,0,0,0,1
1441848,0,0,0,1
1441849,0,0,0,1
1441850,0,0,0,1
1441851,0,0,0,1
1441852,0,0,0,1
1441853,0,0,0,1
1441855,0,0,0,1
1451756,0,0,0,1
1451757,0,0,0,1
1451758,0,0,0,1
1459424,0,0,0,1
1460111,0,0,0,1
1460112,0,0,0,1
1460113,0,0,0,1
1460114,0,0,0,1
1460116,0,0,0,1
1460117,0,0,0,1
1460146,0,0,0,1
1460155,0,0,0,1
1460156,0,0,0,1
1460388,0,0,0,1
1476574,0,0,0,1
1482480,0,0,0,1
1487780,0,0,0,1
1489155,0,0,0,1
1491263,0,0,0,1
1603819,0,0,0,1
1605975,0,0,0,1
1607611,0,0,0,1
1608634,0,0,0,1
1613649,0,0,0,1
1615987,0,0,0,1
1615990,0,0,0,1
1615991,0,0,0,1
1615992,0,0,0,1
1615993,0,0,0,1
1615994,0,0,0,1
1617864,0,0,0,1
1617919,0,0,0,1
1618681,0,0,0,1
1618683,0,0,0,1
1618684,0,0,0,1
1618686,0,0,0,1
1619717,0,0,0,1
1619718,0,0,0,1
1619806,0,0,0,1
1619807,0,0,0,1
1619808,0,0,0,1
1619811,0,0,0,1
1619812,0,0,0,1
1619813,0,0,0,1
1620483,0,0,0,1
1625052,0,0,0,1
1625296,0,0,0,1
1625975,0,0,0,1
1625977,0,0,0,1
1625978,0,0,0,1
1625979,0,0,0,1
1627321,0,0,0,1
1627325,0,0,0,1
1627417,0,0,0,1
1627514,0,0,0,1
1627523,0,0,0,1
1627545,0,0,0,1
1627657,0,0,0,1
1627659,0,0,0,1
1627865,0,0,0,1
1627871,0,0,0,1
1627878,0,0,0,1
1627879,0,0,0,1
1627880,0,0,0,1
1627885,0,0,0,1
1627886,0,0,0,1
1627888,0,0,0,1
1627889,0,0,0,1
1628274,0,0,0,1
1631769,0,0,0,1
1631778,0,0,0,1
1631785,0,0,0,1
1634191,0,0,0,1
1634192,0,0,0,1
1634195,0,0,0,1
1634196,0,0,0,1
1634197,0,0,0,1
1634198,0,0,0,1
1634647,0,0,0,1
1636216,0,0,0,1
1636220,0,0,0,1
1636221,0,0,0,1
1637101,0,0,0,1
1637102,0,0,0,1
1637105,0,0,0,1
1637122,0,0,0,1
1637124,0,0,0,1
1637128,0,0,0,1
1637178,0,0,0,1
1637180,0,0,0,1
1637181,0,0,0,1
1637185,0,0,0,1
1637187,0,0,0,1
1637188,0,0,0,1
1641409,0,0,0,1
1641411,0,0,0,1
1641412,0,0,0,1
1641413,0,0,0,1
1641414,0,0,0,1
1641415,0,0,0,1
1641416,0,0,0,1
1641417,0,0,0,1
1641419,0,0,0,1
1641420,0,0,0,1
1641421,0,0,0,1
1641422,0,0,0,1
1642077,0,0,0,1
1642078,0,0,0,1
1642079,0,0,0,1
1642082,0,0,0,1
1642555,0,0,0,1
1642557,0,0,0,1
1643514,0,0,0,1
1643524,0,0,0,1
1643725,0,0,0,1
1643728,0,0,0,1
1643729,0,0,0,1
1643768,0,0,0,1
1643984,0,0,0,1
1643985,0,0,0,1
1644130,0,0,0,1
1645127,0,0,0,1
1646052,0,0,0,1
1646393,0,0,0,1
1646631,0,0,0,1
1649484,0,0,0,1
1649485,0,0,0,1
1649486,0,0,0,1
1649487,0,0,0,1
1650388,0,0,0,1
1650394,0,0,0,1
1650395,0,0,0,1
1650396,0,0,0,1
1650397,0,0,0,1
1650398,0,0,0,1
1650405,0,0,0,1
1652573,0,0,0,1
1653165,0,0,0,1
1654502,0,0,0,1
1654516,0,0,0,1
1654519,0,0,0,1
1655126,0,0,0,1
1657021,0,0,0,1
1657023,0,0,0,1
1657478,0,0,0,1
1657479,0,0,0,1
1657480,0,0,0,1
1657481,0,0,0,1
1657485,0,0,0,1
1657486,0,0,0,1
1657487,0,0,0,1
1657489,0,0,0,1
1657492,0,0,0,1
1657493,0,0,0,1
1660040,0,0,0,1
1660041,0,0,0,1
1660042,0,0,0,1
1660491,0,0,0,1
1660498,0,0,0,1
1660500,0,0,0,1
1660501,0,0,0,1
1660502,0,0,0,1
1660504,0,0,0,1
1660680,0,0,0,1
1660683,0,0,0,1
1661566,0,0,0,1
1661567,0,0,0,1
1661569,0,0,0,1
1661570,0,0,0,1
1662830,0,0,0,1
1662831,0,0,0,1
1664926,0,0,0,1
1665515,0,0,0,1
1665629,0,0,0,1
1665652,0,0,0,1
1666337,0,0,0,1
1666342,0,0,0,1
1667079,0,0,0,1
1667113,0,0,0,1
1667149,0,0,0,1
1667173,0,0,0,1
1667174,0,0,0,1
1667175,0,0,0,1
1667178,0,0,0,1
1667180,0,0,0,1
1667183,0,0,0,1
1667200,0,0,0,1
1669921,0,0,0,1
1669947,0,0,0,1
1669949,0,0,0,1
1669950,0,0,0,1
1669951,0,0,0,1
1669952,0,0,0,1
1669953,0,0,0,1
1670106,0,0,0,1
1670107,0,0,0,1
1670898,0,0,0,1
1671134,0,0,0,1
1683483,0,0,0,1
1683484,0,0,0,1
1683485,0,0,0,1
1683486,0,0,0,1
1683487,0,0,0,1
1683488,0,0,0,1
1683489,0,0,0,1
1683490,0,0,0,1
1683491,0,0,0,1
1683492,0,0,0,1
1683493,0,0,0,1
1683494,0,0,0,1
1683495,0,0,0,1
1683496,0,0,0,1
1683497,0,0,0,1
1683745,0,0,0,1
1684641,0,0,0,1
1684643,0,0,0,1
1684645,0,0,0,1
1684647,0,0,0,1
1684649,0,0,0,1
1687400,0,0,0,1
1688534,0,0,0,1
1688535,0,0,0,1
1688536,0,0,0,1
1688538,0,0,0,1
1688539,0,0,0,1
1688540,0,0,0,1
1688541,0,0,0,1
1688543,0,0,0,1
1688544,0,0,0,1
1688547,0,0,0,1
1688553,0,0,0,1
1690991,0,0,0,1
2400865,0,0,0,1
2400868,0,0,0,1
2400870,0,0,0,1
2400872,0,0,0,1
2400874,0,0,0,1
2400875,0,0,0,1
2400877,0,0,0,1
2406794,0,0,0,1
2407974,0,0,0,1
2408448,0,0,0,1
2409684,0,0,0,1
2409685,0,0,0,1
2409686,0,0,0,1
2409689,0,0,0,1
2409690,0,0,0,1
2409691,0,0,0,1
2409692,0,0,0,1
2409693,0,0,0,1
2409694,0,0,0,1
2409696,0,0,0,1
2409697,0,0,0,1
2409698,0,0,0,1
2409699,0,0,0,1
2409700,0,0,0,1
2409701,0,0,0,1
2409702,0,0,0,1
2409703,0,0,0,1
2409706,0,0,0,1
2410186,0,0,0,1
2410187,0,0,0,1
2410188,0,0,0,1
2410190,0,0,0,1
2410192,0,0,0,1
2410196,0,0,0,1
2411752,0,0,0,1
2411753,0,0,0,1
2411754,0,0,0,1
2411755,0,0,0,1
2411756,0,0,0,1
2411757,0,0,0,1
2411758,0,0,0,1
2419980,0,0,0,1
2419990,0,0,0,1
2420546,0,0,0,1
2423912,0,0,0,1
2423919,0,0,0,1
2426566,0,0,0,1
2427534,0,0,0,1
2427535,0,0,0,1
2427536,0,0,0,1
2427584,0,0,0,1
2427585,0,0,0,1
2432339,0,0,0,1
2432466,0,0,0,1
2432468,0,0,0,1
2432509,0,0,0,1
2432510,0,0,0,1
2432511,0,0,0,1
2432512,0,0,0,1
2432513,0,0,0,1
2436434,0,0,0,1
2436928,0,0,0,1
2436929,0,0,0,1
2436931,0,0,0,1
2437003,0,0,0,1
2437468,0,0,0,1
2440228,0,0,0,1
2443385,0,0,0,1
2443928,0,0,0,1
2445104,0,0,0,1
2445354,0,0,0,1
2445387,0,0,0,1
2445793,0,0,0,1
2445794,0,0,0,1
2446556,0,0,0,1
2450190,0,0,0,1
2452164,0,0,0,1
2452680,0,0,0,1
2452681,0,0,0,1
2452971,0,0,0,1
2453172,0,0,0,1
2453173,0,0,0,1
2453174,0,0,0,1
2453176,0,0,0,1
2453188,0,0,0,1
2453189,0,0,0,1
2453925,0,0,0,1
2454578,0,0,0,1
2454580,0,0,0,1
2454582,0,0,0,1
2454583,0,0,0,1
2455949,0,0,0,1
2456427,0,0,0,1
2458460,0,0,0,1
2460046,0,0,0,1
2460047,0,0,0,1
2460049,0,0,0,1
2460051,0,0,0,1
2460053,0,0,0,1
2460054,0,0,0,1
2460056,0,0,0,1
2460061,0,0,0,1
2460063,0,0,0,1
2460065,0,0,0,1
2460069,0,0,0,1
2460070,0,0,0,1
2460071,0,0,0,1
2460073,0,0,0,1
2466129,0,0,0,1
2466131,0,0,0,1
2466133,0,0,0,1
2466134,0,0,0,1
2466135,0,0,0,1
2466137,0,0,0,1
2466139,0,0,0,1
2466140,0,0,0,1
2466141,0,0,0,1
2466145,0,0,0,1
2466147,0,0,0,1
2466149,0,0,0,1
2466150,0,0,0,1
2466151,0,0,0,1
2466153,0,0,0,1
2466154,0,0,0,1
2466157,0,0,0,1
2466158,0,0,0,1
2469337,0,0,0,1
2471668,0,0,0,1
2474081,0,0,0,1
2474199,0,0,0,1
2474691,0,0,0,1
2475063,0,0,0,1
2475812,0,0,0,1
2476400,0,0,0,1
2476402,0,0,0,1
2476404,0,0,0,1
2476405,0,0,0,1
2476406,0,0,0,1
2476407,0,0,0,1
2476408,0,0,0,1
2476409,0,0,0,1
2476410,0,0,0,1
2476411,0,0,0,1
2476412,0,0,0,1
2476980,0,0,0,1
2479317,0,0,0,1
2480178,0,0,0,1
2480185,0,0,0,1
2480186,0,0,0,1
2480187,0,0,0,1
2480188,0,0,0,1
2480189,0,0,0,1
2481230,0,0,0,1
2495763,0,0,0,1
2497028,0,0,0,1
2497529,0,0,0,1
2497530,0,0,0,1
2498189,0,0,0,1
2498191,0,0,0,1
2498192,0,0,0,1
2498305,0,0,0,1
2498306,0,0,0,1
2498308,0,0,0,1
2498376,0,0,0,1
2498377,0,0,0,1
2498378,0,0,0,1
2498379,0,0,0,1
2498380,0,0,0,1
2498381,0,0,0,1
2498382,0,0,0,1
2498383,0,0,0,1
2498385,0,0,0,1
2498386,0,0,0,1
2498387,0,0,0,1
2498421,0,0,0,1
2498422,0,0,0,1
2498462,0,0,0,1
2498910,0,0,0,1
2498936,0,0,0,1
2498937,0,0,0,1
2498953,0,0,0,1
2498954,0,0,0,1
2499017,0,0,0,1
2499885,0,0,0,1
2499886,0,0,0,1
2499887,0,0,0,1
2499888,0,0,0,1
2500823,0,0,0,1
2500824,0,0,0,1
2500825,0,0,0,1
2500826,0,0,0,1
2500830,0,0,0,1
2500838,0,0,0,1
2500841,0,0,0,1
2500882,0,0,0,1
2500921,0,0,0,1
2500922,0,0,0,1
2508080,0,0,0,1
2508442,0,0,0,1
2508443,0,0,0,1
2508444,0,0,0,1
2508445,0,0,0,1
2508446,0,0,0,1
2508447,0,0,0,1
2508448,0,0,0,1
2508449,0,0,0,1
2508741,0,0,0,1
2511231,0,0,0,1
2511550,0,0,0,1
2512119,0,0,0,1
2512120,0,0,0,1
2512121,0,0,0,1
2512420,0,0,0,1
2512840,0,0,0,1
2512842,0,0,0,1
2513554,0,0,0,1
2513576,0,0,0,1
2513603,0,0,0,1
2514618,0,0,0,1
2515099,0,0,0,1
2515100,0,0,0,1
2515101,0,0,0,1
2516238,0,0,0,1
2516416,0,0,0,1
2516418,0,0,0,1
2516420,0,0,0,1
2516421,0,0,0,1
2516708,0,0,0,1
2516709,0,0,0,1
2516711,0,0,0,1
2520087,0,0,0,1
2520610,0,0,0,1
2521380,0,0,0,1
2521713,0,0,0,1
2521795,0,0,0,1
2522319,0,0,0,1
2523556,0,0,0,1
2525285,0,0,0,1
2525838,0,0,0,1
2529566,0,0,0,1
2529567,0,0,0,1
2529568,0,0,0,1
2529616,0,0,0,1
2529617,0,0,0,1
2534335,0,0,0,1
2534336,0,0,0,1
2534337,0,0,0,1
2534342,0,0,0,1
2534343,0,0,0,1
2534345,0,0,0,1
2534347,0,0,0,1
2534349,0,0,0,1
2534588,0,0,0,1
2535467,0,0,0,1
2535680,0,0,0,1
2535681,0,0,0,1
2535901,0,0,0,1
2536209,0,0,0,1
2538769,0,0,0,1
2538770,0,0,0,1
2538771,0,0,0,1
2538772,0,0,0,1
2538773,0,0,0,1
2538774,0,0,0,1
2539901,0,0,0,1
2539904,0,0,0,1
2540131,0,0,0,1
2542019,0,0,0,1
2542765,0,0,0,1
2545365,0,0,0,1
2545955,0,0,0,1
2545956,0,0,0,1
2545957,0,0,0,1
2545958,0,0,0,1
2546351,0,0,0,1
2546352,0,0,0,1
2546353,0,0,0,1
2546354,0,0,0,1
2546355,0,0,0,1
2546356,0,0,0,1
2546357,0,0,0,1
2546358,0,0,0,1
2546359,0,0,0,1
2546594,0,0,0,1
2546751,0,0,0,1
2546752,0,0,0,1
2546753,0,0,0,1
2546881,0,0,0,1
2546915,0,0,0,1
2546917,0,0,0,1
2546918,0,0,0,1
2546919,0,0,0,1
2546920,0,0,0,1
2546923,0,0,0,1
2546927,0,0,0,1
2546928,0,0,0,1
2546929,0,0,0,1
2546932,0,0,0,1
2546943,0,0,0,1
2546944,0,0,0,1
2546945,0,0,0,1
2546947,0,0,0,1
2547317,0,0,0,1
2547318,0,0,0,1
2547319,0,0,0,1
2547320,0,0,0,1
2547321,0,0,0,1
2547322,0,0,0,1
2547323,0,0,0,1
2547325,0,0,0,1
2547328,0,0,0,1
2547980,0,0,0,1
2547982,0,0,0,1
2547983,0,0,0,1
2549432,0,0,0,1
2549435,0,0,0,1
2549436,0,0,0,1
2549437,0,0,0,1
2549452,0,0,0,1
2549453,0,0,0,1
2549598,0,0,0,1
2555366,0,0,0,1
2555375,0,0,0,1
2555754,0,0,0,1
2555756,0,0,0,1
2555759,0,0,0,1
2558772,0,0,0,1
2559005,0,0,0,1
2559006,0,0,0,1
2559022,0,0,0,1
2559023,0,0,0,1
2559024,0,0,0,1
2559026,0,0,0,1
2559027,0,0,0,1
2559028,0,0,0,1
2559029,0,0,0,1
2559944,0,0,0,1
2560845,0,0,0,1
2560846,0,0,0,1
2560850,0,0,0,1
2560851,0,0,0,1
2560852,0,0,0,1
2560853,0,0,0,1
2560974,0,0,0,1
2561303,0,0,0,1
2561399,0,0,0,1
2561400,0,0,0,1
2574911,0,0,0,1
2574931,0,0,0,1
2575603,0,0,0,1
2577806,0,0,0,1
2577811,0,0,0,1
2577812,0,0,0,1
2580390,0,0,0,1
2580915,0,0,0,1
2581253,0,0,0,1
2581552,0,0,0,1
2581553,0,0,0,1
2581555,0,0,0,1
2581704,0,0,0,1
2581706,0,0,0,1
2581707,0,0,0,1
2581708,0,0,0,1
2581709,0,0,0,1
2581710,0,0,0,1
2581711,0,0,0,1
2581712,0,0,0,1
2581713,0,0,0,1
2581715,0,0,0,1
2584079,0,0,0,1
2597932,0,0,0,1
2597942,0,0,0,1
2597944,0,0,0,1
2598012,0,0,0,1
2598188,0,0,0,1
2598192,0,0,0,1
2598199,0,0,0,1
2598200,0,0,0,1
2598614,0,0,0,1
2598616,0,0,0,1
2599731,0,0,0,1
2599752,0,0,0,1
2599767,0,0,0,1
5202352,0,0,0,1
5206853,0,0,0,1
5211132,0,0,0,1
5211242,0,0,0,1
5212103,0,0,0,1
5214462,0,0,0,1
5222743,0,0,0,1
5225363,0,0,0,1
5236335,0,0,0,1
5237484,0,0,0,1
5242990,0,0,0,1
5249458,0,0,0,1
5251744,0,0,0,1
5251757,0,0,0,1
5252049,0,0,0,1
5253112,0,0,0,1
5265417,0,0,0,1
5270431,0,0,0,1
5277767,0,0,0,1
5278705,0,0,0,1
5281089,0,0,0,1
5282060,0,0,0,1
5282061,0,0,0,1
5282062,0,0,0,1
5282887,0,0,0,1
5283018,0,0,0,1
5283115,0,0,0,1
5284305,0,0,0,1
5286353,0,0,0,1
5286936,0,0,0,1
5288422,0,0,0,1
5288686,0,0,0,1
5290346,0,0,0,1
5296073,0,0,0,1
5300049,0,0,0,1
9403145,0,0,0,1
9403146,0,0,0,1
9407114,0,0,0,1
9408445,0,0,0,1
9408634,0,0,0,1
9408825,0,0,0,1
9408826,0,0,0,1
9411127,0,0,0,1
9412347,0,0,0,1
9412349,0,0,0,1
9412351,0,0,0,1
9412352,0,0,0,1
9412354,0,0,0,1
9412356,0,0,0,1
9412357,0,0,0,1
9415587,0,0,0,1
9415650,0,0,0,1
9415651,0,0,0,1
9415652,0,0,0,1
9415653,0,0,0,1
9415654,0,0,0,1
9415655,0,0,0,1
9415656,0,0,0,1
9415658,0,0,0,1
9415659,0,0,0,1
9415660,0,0,0,1
9415661,0,0,0,1
9415662,0,0,0,1
9415663,0,0,0,1
9416223,0,0,0,1
9416448,0,0,0,1
9417570,0,0,0,1
9417572,0,0,0,1
9417573,0,0,0,1
9417574,0,0,0,1
9417575,0,0,0,1
9417576,0,0,0,1
9417577,0,0,0,1
9417592,0,0,0,1
9417593,0,0,0,1
9417594,0,0,0,1
9417595,0,0,0,1
9417596,0,0,0,1
9417597,0,0,0,1
9417599,0,0,0,1
9417600,0,0,0,1
9417601,0,0,0,1
9417618,0,0,0,1
9417619,0,0,0,1
9417620,0,0,0,1
9417621,0,0,0,1
9417622,0,0,0,1
9417623,0,0,0,1
9417624,0,0,0,1
9417625,0,0,0,1
9417626,0,0,0,1
9417653,0,0,0,1
9417654,0,0,0,1
9417655,0,0,0,1
9417656,0,0,0,1
9417657,0,0,0,1
9417658,0,0,0,1
9417659,0,0,0,1
9417661,0,0,0,1
9417662,0,0,0,1
9417663,0,0,0,1
9417664,0,0,0,1
9417665,0,0,0,1
9417666,0,0,0,1
9417667,0,0,0,1
9417668,0,0,0,1
9417669,0,0,0,1
9417670,0,0,0,1
9417671,0,0,0,1
9417672,0,0,0,1
9417673,0,0,0,1
9417674,0,0,0,1
9417675,0,0,0,1
9417676,0,0,0,1
9417677,0,0,0,1
9417678,0,0,0,1
9417679,0,0,0,1
9417680,0,0,0,1
9417681,0,0,0,1
9417745,0,0,0,1
9417746,0,0,0,1
9417747,0,0,0,1
9417748,0,0,0,1
9417749,0,0,0,1
9417751,0,0,0,1
9417752,0,0,0,1
9417753,0,0,0,1
9417754,0,0,0,1
9417755,0,0,0,1
9417757,0,0,0,1
9417758,0,0,0,1
9417759,0,0,0,1
9417764,0,0,0,1
9417765,0,0,0,1
9417766,0,0,0,1
9417767,0,0,0,1
9417768,0,0,0,1
9417769,0,0,0,1
9417770,0,0,0,1
9417771,0,0,0,1
9417772,0,0,0,1
9417773,0,0,0,1
9417774,0,0,0,1
9417776,0,0,0,1
9417777,0,0,0,1
9417778,0,0,0,1
9417779,0,0,0,1
9417780,0,0,0,1
9417781,0,0,0,1
9417782,0,0,0,1
9417783,0,0,0,1
9417830,0,0,0,1
9417831,0,0,0,1
9417832,0,0,0,1
9417833,0,0,0,1
9417834,0,0,0,1
9417835,0,0,0,1
9417836,0,0,0,1
9417837,0,0,0,1
9417838,0,0,0,1
9417839,0,0,0,1
9417840,0,0,0,1
9417841,0,0,0,1
9417850,0,0,0,1
9417851,0,0,0,1
9417852,0,0,0,1
9417853,0,0,0,1
9417854,0,0,0,1
9417876,0,0,0,1
9417879,0,0,0,1
9417880,0,0,0,1
9417881,0,0,0,1
9417882,0,0,0,1
9417883,0,0,0,1
9417884,0,0,0,1
9417885,0,0,0,1
9417886,0,0,0,1
9417887,0,0,0,1
9417888,0,0,0,1
9418712,0,0,0,1
9418990,0,0,0,1
9419433,0,0,0,1
9419870,0,0,0,1
9420346,0,0,0,1
9420581,0,0,0,1
9421198,0,0,0,1
9421296,0,0,0,1
9421309,0,0,0,1
9421310,0,0,0,1
9421323,0,0,0,1
9421325,0,0,0,1
9421327,0,0,0,1
9421391,0,0,0,1
9421396,0,0,0,1
9421400,0,0,0,1
9421405,0,0,0,1
9421407,0,0,0,1
9421410,0,0,0,1
9421411,0,0,0,1
9421413,0,0,0,1
9421465,0,0,0,1
9421603,0,0,0,1
9421609,0,0,0,1
9421637,0,0,0,1
9421651,0,0,0,1
9421673,0,0,0,1
9421681,0,0,0,1
9421682,0,0,0,1
9422815,0,0,0,1
9423112,0,0,0,1
9423113,0,0,0,1
9423114,0,0,0,1
9423115,0,0,0,1
9423116,0,0,0,1
9423117,0,0,0,1
9423118,0,0,0,1
9423119,0,0,0,1
9423120,0,0,0,1
9423121,0,0,0,1
9423122,0,0,0,1
9423127,0,0,0,1
9423138,0,0,0,1
9423139,0,0,0,1
9423179,0,0,0,1
9423211,0,0,0,1
9423262,0,0,0,1
9423263,0,0,0,1
9423265,0,0,0,1
9423266,0,0,0,1
9423267,0,0,0,1
9423268,0,0,0,1
9423269,0,0,0,1
9423270,0,0,0,1
9423271,0,0,0,1
9423272,0,0,0,1
9423273,0,0,0,1
9423274,0,0,0,1
9423275,0,0,0,1
9423276,0,0,0,1
9423348,0,0,0,1
9423723,0,0,0,1
9424281,0,0,0,1
9424376,0,0,0,1
9424377,0,0,0,1
9424453,0,0,0,1
9424499,0,0,0,1
9424500,0,0,0,1
9424501,0,0,0,1
9424502,0,0,0,1
9424504,0,0,0,1
9424505,0,0,0,1
9424763,0,0,0,1
9424764,0,0,0,1
9424768,0,0,0,1
9424769,0,0,0,1
9424770,0,0,0,1
9424773,0,0,0,1
9424776,0,0,0,1
9424779,0,0,0,1
9424781,0,0,0,1
9424793,0,0,0,1
9424801,0,0,0,1
9424808,0,0,0,1
9424809,0,0,0,1
9424899,0,0,0,1
9424900,0,0,0,1
9424901,0,0,0,1
9424902,0,0,0,1
9424903,0,0,0,1
9424905,0,0,0,1
9424906,0,0,0,1
9424907,0,0,0,1
9424914,0,0,0,1
9424917,0,0,0,1
9424925,0,0,0,1
9424943,0,0,0,1
9424946,0,0,0,1
9424947,0,0,0,1
9424948,0,0,0,1
9424950,0,0,0,1
9424952,0,0,0,1
9424998,0,0,0,1
9425045,0,0,0,1
9425046,0,0,0,1
9425047,0,0,0,1
9425170,0,0,0,1
9425330,0,0,0,1
9425342,0,0,0,1
9425344,0,0,0,1
9425350,0,0,0,1
9425351,0,0,0,1
9425352,0,0,0,1
9425435,0,0,0,1
9425489,0,0,0,1
9425941,0,0,0,1
9425943,0,0,0,1
9428962,0,0,0,1
9428964,0,0,0,1
9429380,0,0,0,1
9431054,0,0,0,1
9431639,0,0,0,1
9431642,0,0,0,1
9431645,0,0,0,1
9431646,0,0,0,1
9433970,0,0,0,1
9433974,0,0,0,1
9434801,0,0,0,1
9436871,0,0,0,1
9437102,0,0,0,1
9438079,0,0,0,1
9438204,0,0,0,1
9438321,0,0,0,1
9440104,0,0,0,1
9441842,0,0,0,1
9441916,0,0,0,1
9441926,0,0,0,1
9441929,0,0,0,1
9441935,0,0,0,1
9441939,0,0,0,1
9441953,0,0,0,1
9441954,0,0,0,1
9441958,0,0,0,1
9441978,0,0,0,1
9441981,0,0,0,1
9441982,0,0,0,1
9441990,0,0,0,1
9441993,0,0,0,1
9441995,0,0,0,1
9442018,0,0,0,1
9442255,0,0,0,1
9444425,0,0,0,1
9444515,0,0,0,1
9444738,0,0,0,1
9446379,0,0,0,1
9457985,0,0,0,1
9460424,0,0,0,1
9461186,0,0,0,1
9463202,0,0,0,1
9463230,0,0,0,1
9463604,0,0,0,1
9463699,0,0,0,1
9463776,0,0,0,1
9463778,0,0,0,1
9463814,0,0,0,1
9463826,0,0,0,1
9463835,0,0,0,1
9463840,0,0,0,1
9463841,0,0,0,1
9463853,0,0,0,1
9463855,0,0,0,1
9463861,0,0,0,1
9463870,0,0,0,1
9463874,0,0,0,1
9463884,0,0,0,1
9463885,0,0,0,1
9463887,0,0,0,1
9463912,0,0,0,1
9463915,0,0,0,1
9463930,0,0,0,1
9463939,0,0,0,1
9463959,0,0,0,1
9463962,0,0,0,1
9463982,0,0,0,1
9464000,0,0,0,1
9464004,0,0,0,1
9464045,0,0,0,1
9464642,0,0,0,1
9464662,0,0,0,1
9464802,0,0,0,1
9464873,0,0,0,1
9465063,0,0,0,1
9465071,0,0,0,1
9465842,0,0,0,1
9465866,0,0,0,1
9465960,0,0,0,1
9466021,0,0,0,1
9466047,0,0,0,1
9466145,0,0,0,1
9466148,0,0,0,1
9466161,0,0,0,1
9466385,0,0,0,1
9466403,0,0,0,1
9467545,0,0,0,1
9469235,0,0,0,1
9469238,0,0,0,1
9469617,0,0,0,1
9473971,0,0,0,1
9475198,0,0,0,1
9475652,0,0,0,1
9477222,0,0,0,1
9479187,0,0,0,1
9479243,0,0,0,1
9479637,0,0,0,1
9480594,0,0,0,1
9480716,0,0,0,1
9480717,0,0,0,1
9481400,0,0,0,1
9481401,0,0,0,1
9481418,0,0,0,1
9481419,0,0,0,1
9481421,0,0,0,1
9481422,0,0,0,1
9481424,0,0,0,1
9481655,0,0,0,1
9481965,0,0,0,1
9482012,0,0,0,1
9482020,0,0,0,1
9482031,0,0,0,1
9482032,0,0,0,1
9482038,0,0,0,1
9482041,0,0,0,1
9482044,0,0,0,1
9482045,0,0,0,1
9482046,0,0,0,1
9482101,0,0,0,1
9482103,0,0,0,1
9482134,0,0,0,1
9482138,0,0,0,1
9482147,0,0,0,1
9482150,0,0,0,1
9482151,0,0,0,1
9482153,0,0,0,1
9482154,0,0,0,1
9483843,0,0,0,1
9485951,0,0,0,1
9485955,0,0,0,1
9486046,0,0,0,1
9486467,0,0,0,1
9486469,0,0,0,1
9486471,0,0,0,1
9486476,0,0,0,1
9486479,0,0,0,1
9486481,0,0,0,1
9486522,0,0,0,1
9487074,0,0,0,1
9487193,0,0,0,1
9487220,0,0,0,1
9487231,0,0,0,1
9487315,0,0,0,1
9487353,0,0,0,1
9487354,0,0,0,1
9487355,0,0,0,1
9487357,0,0,0,1
9487362,0,0,0,1
9487365,0,0,0,1
9487367,0,0,0,1
9487368,0,0,0,1
9487371,0,0,0,1
9487372,0,0,0,1
9487376,0,0,0,1
9487379,0,0,0,1
9487380,0,0,0,1
9487382,0,0,0,1
9487383,0,0,0,1
9487452,0,0,0,1
9487453,0,0,0,1
9487454,0,0,0,1
9487457,0,0,0,1
9487459,0,0,0,1
9487463,0,0,0,1
9487464,0,0,0,1
9487484,0,0,0,1
9487485,0,0,0,1
9487497,0,0,0,1
9487506,0,0,0,1
9487591,0,0,0,1
9487593,0,0,0,1
9487598,0,0,0,1
9487612,0,0,0,1
9487615,0,0,0,1
9487619,0,0,0,1
9487623,0,0,0,1
9487625,0,0,0,1
9487626,0,0,0,1
9487627,0,0,0,1
9487628,0,0,0,1
9487777,0,0,0,1
9487806,0,0,0,1
9488150,0,0,0,1
9488633,0,0,0,1
9489080,0,0,0,1
9489274,0,0,0,1
9489395,0,0,0,1
